46
322
330
272
354
24
310
456
288
157
207
144
90
349
363
315
273
101
111
17
35
19
200
90
225
430
46
188
143
327
266
57
176
383
210
197
288
157
198
379
5
282
3
414
406
400
111
398
121
376
316
489
31
294
481
30
112
224
79
212
106
378
57
116
208
393
52
489
420
393
87
152
92
406
98
53
233
248
330
425
214
303
359
62
316
414
131
337
120
138
152
3
55
68
53
392
151
341
15
161
490
426
382
124
258
140
23
261
212
428
184
231
115
353
438
354
278
264
332
405
30
113
138
465
73
164
50
73
79
58
255
144
443
331
430
425
88
144
70
218
150
302
413
385
64
146
21
442
279
132
373
201
132
408
215
381
113
200
160
324
261
76
372
231
203
59
457
13
468
255
91
99
156
341
280
113
300
126
166
241
398
374
494
94
468
320
105
252
122
346
126
35
322
328
207
374
457
387
41
299
240
257
471
28
494
264
194
252
489
122
143
321
81
390
490
478
376
472
496
310
104
312
185
124
140
69
175
448
53
348
451
15
346
136
373
311
267
12
227
319
494
358
255
375
384
236
250
327
42
280
362
190
365
468
461
305
200
240
156
118
129
264
374
97
228
78
181
322
475
142
287
233
459
145
431
226
188
271
119
224
56
233
337
213
442
311
166
84
267
288
183
348
30
32
60
449
180
235
48
254
491
408
6
182
332
323
225
179
156
37
63
488
384
66
244
299
85
358
279
144
211
189
159
293
87
188
75
60
64
234
188
278
222
51
75
398
249
345
67
362
45
312
22
418
492
124
408
139
246
447
350
474
466
488
48
62
21
220
220
108
18
43
139
27
269
83
243
185
418
234
289
166
239
462
338
95
386
430
72
118
133
111
49
448
478
364
94
23
139
244
483
427
212
179
465
65
400
128
166
452
307
118
341
424
205
53
433
484
45
56
184
487
80
498
164
16
293
186
46
127
435
143
444
304
41
141
312
103
350
470
420
86
16
470
41
88
348
170
264
262
24
331
496
124
18
471
349
416
189
441
23
227
421
279
186
83
380
157
274
246
388
373
108
390
85
453
404
89
371
149
283
279
317
102
436
466
417
64
338
206
392
393
185
259
62
235
454
256
215
24
410
274
73
0
244
422
466
224
214
352
186
450
109
213
167
250
297
464
429
104
244
297
429
63
341
326
89
206
464
316
133
478
465
362
114
181
166
33
431
446
424
301
151
305
16
343
294
30
414
460
307
434
467
117
23
6
261
337
115
133
404
281
402
457
338
195
474
474
234
260
201
371
45
147
63
466
82
17
426
2
260
51
211
332
419
175
288
399
440
208
496
85
54
341
98
292
157
161
170
401
414
361
98
248
261
83
129
5
200
304
238
103
97
104
208
196
424
149
187
69
291
154
471
476
37
483
276
440
70
475
337
100
220
429
391
33
497
273
10
233
157
122
252
173
347
29
494
495
429
149
264
93
4
256
56
99
82
127
142
343
62
206
320
264
230
425
48
224
148
60
497
268
163
9
191
238
442
479
326
281
99
157
326
134
94
74
380
22
25
433
463
237
156
282
178
297
190
244
30
415
10
53
372
156
208
267
95
160
52
485
356
162
162
391
7
256
141
199
103
261
489
446
427
424
236
230
32
303
376
102
199
110
391
331
339
114
373
106
192
183
183
453
383
254
285
271
130
404
141
104
188
28
216
484
190
462
310
255
65
98
426
415
216
256
400
195
303
363
6
198
282
122
338
392
476
13
266
355
491
337
391
348
112
322
400
281
440
151
335
361
218
50
262
440
254
197
232
225
199
385
455
445
417
53
89
161
430
327
243
396
206
67
78
437
218
141
330
68
133
86
186
199
483
35
481
295
247
486
23
65
184
121
379
44
57
453
221
197
118
171
81
151
27
343
406
385
455
43
70
1
133
187
487
114
443
92
295
474
361
22
461
406
338
139
299
384
114
281
89
268
175
175
108
123
262
209
40
140
222
6
144
92
453
99
495
262
326
123
376
212
338
497
407
273
296
203
187
67
473
461
241
237
114
62
243
287
367
35
319
67
340
132
471
181
283
402
77
186
485
394
223
309
180
20
364
133
418
301
295
223
8
270
106
473
34
131
80
233
254
335
295
22
332
482
360
157
368
434
453
7
388
202
209
145
93
135
388
128
498
272
210
307
212
360
106
208
316
379
145
261
399
65
393
345
479
41
379
214
188
117
235
268
114
472
110
460
215
41
12
307
405
418
170
228
281
133
363
153
39
118
211
249
38
244
239
351
36
371
212
330
111
311
376
158
84
118
278
330
385
338
475
401
285
277
189
260
159
427
453
345
460
12
9
134
255
104
327
93
20
229
22
456
26
390
7
73
141
297
113
0
2
230
121
52
406
3
248
488
343
318
286
24
103
373
473
413
398
278
473
246
11
454
414
188
383
89
448
313
2
325
362
409
460
106
399
305
351
458
442
297
287
365
404
73
295
281
29
49
0
105
31
491
280
80
196
454
315
289
164
269
166
186
258
281
414
170
227
435
449
355
209
274
428
408
35
385
248
56
350
2
23
278
155
168
67
458
240
119
275
180
253
450
66
339
221
464
351
412
7
175
259
266
439
167
307
392
361
64
211
202
468
420
412
104
396
200
349
399
294
125
41
86
490
31
289
138
363
162
281
175
71
25
114
375
77
160
154
484
432
237
16
147
158
43
207
255
111
132
458
209
445
334
403
78
52
413
260
486
355
439
47
248
197
273
126
50
127
497
383
277
87
5
106
234
362
32
37
156
302
4
265
2
38
305
351
176
477
100
106
402
42
300
469
421
391
82
21
119
8
167
388
154
66
404
257
381
146
97
304
222
324
340
203
476
221
442
6
441
396
415
4
0
472
3
223
418
368
400
174
150
494
304
255
295
62
245
483
278
59
356
253
262
162
107
327
277
134
453
353
188
489
64
282
230
81
198
173
369
45
197
491
83
343
398
478
181
5
85
13
358
488
96
397
431
141
397
366
102
244
246
407
153
284
24
463
269
277
288
203
93
292
235
148
497
464
340
479
399
358
272
434
153
447
117
446
33
98
8
387
359
289
178
287
225
170
182
15
173
435
377
465
99
11
255
354
138
124
114
96
138
370
193
39
379
474
263
482
137
320
330
411
112
155
291
279
236
198
48
447
206
260
338
107
245
42
248
433
0
281
16
23
297
463
385
31
400
206
47
251
238
224
31
217
221
279
263
497
356
44
403
403
108
128
305
121
227
447
451
144
28
477
399
403
320
316
431
303
264
415
167
467
73
440
477
98
429
280
77
287
19
281
106
494
459
167
412
283
120
272
472
287
410
341
169
35
148
425
113
18
103
268
13
197
349
382
210
453
58
0
17
280
477
192
10
412
115
264
482
249
8
72
22
80
243
5
148
397
112
283
160
450
105
211
112
176
367
126
30
367
11
89
187
332
293
197
79
146
367
460
166
243
396
143
62
256
33
288
179
412
265
408
447
435
69
450
304
182
353
214
247
140
167
152
236
474
327
25
0
88
473
415
399
421
227
378
292
173
36
436
414
372
430
211
300
154
373
382
181
469
246
192
111
59
331
89
126
152
448
46
410
153
35
113
430
455
281
316
367
467
470
79
241
240
132
457
288
135
255
475
135
387
183
111
78
108
156
23
411
45
31
251
129
386
367
50
448
294
327
9
280
5
166
346
476
438
373
260
370
117
349
216
287
479
394
135
14
324
288
455
178
309
449
489
472
278
427
45
58
160
148
194
18
216
252
401
16
101
484
283
152
376
289
338
351
429
351
161
105
439
180
146
75
144
437
453
148
110
148
95
58
210
329
386
371
96
403
331
103
341
30
202
71
57
440
365
1
52
17
160
279
24
176
109
158
314
155
132
101
174
410
440
386
40
265
209
85
147
161
209
483
222
5
1
198
372
70
361
16
202
52
336
129
15
352
51
92
15
276
141
326
72
477
44
333
443
433
463
448
300
36
259
447
328
101
261
35
160
47
374
224
406
425
230
151
349
8
463
451
27
263
37
488
219
121
363
3
13
88
277
337
457
185
85
303
307
381
189
355
206
7
319
234
492
275
353
269
162
39
12
213
234
89
59
118
297
58
192
197
176
406
386
184
118
448
267
239
471
193
34
101
61
409
5
340
356
131
89
230
213
463
79
197
112
65
335
190
310
36
396
397
74
224
110
265
100
173
276
256
332
258
498
374
54
199
320
212
362
79
182
159
375
42
156
103
85
151
149
106
375
454
419
173
12
69
105
499
211
316
129
252
178
363
151
134
468
480
484
412
442
350
229
403
139
290
486
391
313
248
446
138
228
214
381
180
355
161
52
275
174
197
138
277
381
440
296
132
76
499
21
166
328
234
348
448
134
385
50
365
384
75
396
43
68
242
197
354
250
301
26
488
325
400
139
374
282
326
230
417
453
262
54
313
76
327
30
119
124
320
69
398
142
185
374
325
7
140
488
171
352
93
11
292
389
497
264
111
119
121
496
9
368
427
472
357
74
465
152
123
459
55
33
448
420
117
465
124
3
58
306
95
447
259
392
188
194
63
96
40
169
491
62
56
472
155
99
447
250
365
164
50
258
103
54
133
16
223
359
251
169
345
375
151
213
465
324
411
39
316
224
337
208
487
368
13
270
386
403
57
208
423
197
477
491
121
58
144
359
396
363
203
99
333
110
69
172
3
403
291
489
446
416
487
309
234
479
192
74
360
63
349
157
217
299
335
302
92
323
197
25
75
145
171
25
426
81
359
235
152
158
489
295
114
191
293
258
242
310
39
347
369
204
78
487
158
143
370
480
203
226
260
255
233
257
476
186
148
394
24
361
240
483
288
190
457
391
414
92
254
369
180
333
361
358
292
71
347
440
423
301
258
183
382
251
101
344
166
435
83
266
332
268
304
200
269
33
489
154
364
64
187
16
411
221
256
185
155
265
298
150
257
344
4
197
409
387
135
113
349
360
310
220
475
479
75
369
140
161
175
325
154
296
436
328
381
351
393
313
447
446
199
45
138
421
391
446
275
449
316
493
232
327
367
26
465
450
458
0
92
33
3
156
201
174
210
240
374
86
322
269
301
288
320
362
131
273
221
484
447
90
220
330
228
311
476
150
235
405
76
403
171
102
261
26
455
248
472
444
258
455
309
290
279
172
172
48
343
136
0
28
353
3
149
90
208
334
455
361
140
431
65
13
458
164
80
189
70
12
338
473
160
249
476
240
11
55
44
471
427
169
490
154
233
18
373
113
401
328
350
255
371
66
106
451
96
42
330
155
140
408
249
366
253
224
73
19
180
147
474
408
39
405
388
497
55
177
180
221
399
190
254
259
402
285
310
175
95
200
218
461
447
322
464
287
341
78
145
210
350
306
62
286
142
371
470
390
304
255
37
432
85
188
35
475
469
4
70
311
243
371
3
242
162
212
244
224
499
20
336
386
129
154
126
285
497
68
464
109
146
335
312
177
176
401
57
45
362
411
485
275
106
447
106
316
406
60
424
46
92
225
430
335
481
397
189
209
8
323
26
170
103
83
210
164
364
181
60
458
466
30
104
13
166
459
344
477
325
125
492
472
323
127
427
1
63
365
80
235
182
409
459
273
22
38
302
254
277
497
232
434
454
357
369
403
215
175
3
66
117
458
229
162
54
486
19
312
318
164
493
282
136
278
77
201
479
243
296
82
302
185
201
184
485
117
51
256
127
452
84
287
124
269
10
277
95
363
489
51
302
344
196
354
470
20
358
112
42
28
85
292
375
288
143
261
455
312
227
96
36
478
139
348
324
205
492
40
474
257
15
267
191
179
332
300
427
430
456
480
36
24
85
164
22
11
33
389
44
379
91
324
242
236
240
300
444
342
274
239
236
201
147
392
149
316
297
446
132
394
385
401
71
395
151
203
413
349
461
12
424
246
475
463
339
271
471
220
468
275
73
154
153
219
31
434
416
30
108
419
73
300
83
441
417
432
83
472
88
151
229
402
267
85
282
353
293
94
11
160
369
474
279
258
361
498
25
436
349
455
120
196
85
461
368
14
21
141
429
40
345
336
466
314
302
29
296
55
204
322
450
404
333
290
475
470
243
114
338
456
290
14
465
43
253
249
53
249
75
169
302
373
114
453
136
353
372
76
302
68
185
138
427
51
258
27
494
130
52
136
383
360
397
75
80
455
252
455
346
178
475
228
198
437
235
5
443
51
9
3
375
208
4
339
209
350
346
317
282
343
35
260
434
349
385
274
392
124
464
124
435
181
26
122
31
443
461
245
399
340
193
186
283
483
93
261
305
449
475
460
243
183
321
289
108
278
82
238
66
442
83
31
499
189
58
59
144
212
444
348
136
240
328
110
355
350
283
323
304
304
404
256
360
21
382
352
12
77
460
133
385
58
481
304
476
123
257
219
146
222
124
371
10
50
54
345
179
356
499
477
192
415
254
117
481
402
421
236
84
112
120
326
270
415
439
397
453
255
382
402
387
331
136
198
81
351
36
105
489
165
325
216
222
253
291
319
131
464
343
94
471
336
196
5
264
309
421
231
133
341
289
192
243
87
65
456
12
303
324
228
356
265
196
260
438
372
485
422
153
89
180
41
304
492
74
474
303
281
351
465
118
181
238
497
336
392
143
73
497
13
200
300
161
21
393
140
304
257
234
238
103
316
155
386
297
306
373
45
420
298
416
365
306
354
17
106
497
32
161
318
266
3
495
475
254
444
267
352
403
75
408
376
198
114
378
252
356
416
205
166
466
0
409
7
266
385
427
209
11
98
0
167
73
179
189
403
26
14
31
329
73
485
94
